
S  (k=0..126、127値)
     1    3    6    7   11   13   14   17   19   27   26   26   30   37   35   39
    35   41   44   43   49   52   52   51   53   54   66   52   59   62   64   70
    82   75   91   83   89   85   90   93   89   90   90  101  106  109  115  130
   119  125  126  126  130  131  126  128  133  136  137  140  155  135  156  153
   148  155  159  144  177  154  153  151  154  162  157  148  159  172  176  176
   169  202  168  190  198  197  193  218  208  224  209  214  199  207  214  205
   216  211  231  236  248  236  265  233  210  198  186  194  187  182  156  162
   149  155  127  146   97  103  116   86   84   87   70   64   40   24   10
  一次差分 ΔS
     2    3    1    4    2    1    3    2    8   -1    0    4    7   -2    4   -4
     6    3   -1    6    3    0   -1    2    1   12  -14    7    3    2    6   12
    -7   16   -8    6   -4    5    3   -4    1    0   11    5    3    6   15  -11
     6    1    0    4    1   -5    2    5    3    1    3   15  -20   21   -3   -5
     7    4  -15   33  -23   -1   -2    3    8   -5   -9   11   13    4    0   -7
    33  -34   22    8   -1   -4   25  -10   16  -15    5  -15    8    7   -9   11
    -5   20    5   12  -12   29  -32  -23  -12  -12    8   -7   -5  -26    6  -13
     6  -28   19  -49    6   13  -30   -2    3  -17   -6  -24  -16  -14

M  (k=0..126、127値)
     0    0    0    1    3    3    2    2    9    9    4    7   14    9   11    9
     9   13   12    8   15   17   15   16   14   19   18   10   20   15   17   23
    20   17   26   19   23   22   26   25   20   21   25   28   25   26   40   34
    28   35   32   33   37   29   34   31   36   33   38   43   38   29   51   33
    43   54   31   43   58   32   38   42   38   48   31   37   43   51   45   40
    55   55   27   64   54   40   60   56   53   57   54   50   55   58   54   45
    57   49   65   64   47   69   77   56   51   57   44   53   46   47   37   43
    37   37   46   42    7   42   32    9   33   17   16   17    4   10    0
  一次差分 ΔM
     0    0    1    2    0   -1    0    7    0   -5    3    7   -5    2   -2    0
     4   -1   -4    7    2   -2    1   -2    5   -1   -8   10   -5    2    6   -3
    -3    9   -7    4   -1    4   -1   -5    1    4    3   -3    1   14   -6   -6
     7   -3    1    4   -8    5   -3    5   -3    5    5   -5   -9   22  -18   10
    11  -23   12   15  -26    6    4   -4   10  -17    6    6    8   -6   -5   15
     0  -28   37  -10  -14   20   -4   -3    4   -3   -4    5    3   -4   -9   12
    -8   16   -1  -17   22    8  -21   -5    6  -13    9   -7    1  -10    6   -6
     0    9   -4  -35   35  -10  -23   24  -16   -1    1  -13    6  -10

P  (k=0..126、127値)
     3    8   11   15   21   23   27   32   40   44   50   51   60   61   70   65
    64   70   80   78   85   90   89   92   88  101   99  100  104  106  115  133
   132  140  143  147  151  143  149  154  156  155  159  177  192  191  203  210
   216  212  209  212  223  220  211  214  231  238  231  250  245  258  266  257
   258  277  251  273  277  258  258  256  257  268  263  260  270  295  308  287
   306  313  305  332  333  318  357  355  361  359  357  347  341  345  347  360
   368  366  393  423  402  412  409  378  337  316  299  323  323  277  254  261
   273  224  228  205  172  177  174  139  147  120  100   81   48   20    0
  一次差分 ΔP
     5    3    4    6    2    4    5    8    4    6    1    9    1    9   -5   -1
     6   10   -2    7    5   -1    3   -4   13   -2    1    4    2    9   18   -1
     8    3    4    4   -8    6    5    2   -1    4   18   15   -1   12    7    6
    -4   -3    3   11   -3   -9    3   17    7   -7   19   -5   13    8   -9    1
    19  -26   22    4  -19    0   -2    1   11   -5   -3   10   25   13  -21   19
     7   -8   27    1  -15   39   -2    6   -2   -2  -10   -6    4    2   13    8
    -2   27   30  -21   10   -3  -31  -41  -21  -17   24    0  -46  -23    7   12
   -49    4  -23  -33    5   -3  -35    8  -27  -20  -19  -33  -28  -20

I  (k=0..126、127値)
     0    0    2    4    3    4    6    8   11    4    8   20   14    9   17   20
    21   14   13   25   21   17   21   23   23   20   15   29   31   22   27   28
    28   36   30   32   38   42   31   29   40   45   44   33   43   57   49   33
    56   62   50   48   49   55   64   47   50   59   68   53   51   72   73   60
    75   60   64   75   53   62   73   69   60   55   63   84   64   55   68   85
    77   49   84   88   68   78   85   79   86   83   89   85   96   78   70   86
    98   98   85   92  109  115   77   94  108   88   68   59   83   94   70   55
    69   81   59   35   64   62   19   54   46   27   33   20   24   20    0
  一次差分 ΔI
     0    2    2   -1    1    2    2    3   -7    4   12   -6   -5    8    3    1
    -7   -1   12   -4   -4    4    2    0   -3   -5   14    2   -9    5    1    0
     8   -6    2    6    4  -11   -2   11    5   -1  -11   10   14   -8  -16   23
     6  -12   -2    1    6    9  -17    3    9    9  -15   -2   21    1  -13   15
   -15    4   11  -22    9   11   -4   -9   -5    8   21  -20   -9   13   17   -8
   -28   35    4  -20   10    7   -6    7   -3    6   -4   11  -18   -8   16   12
     0  -13    7   17    6  -38   17   14  -20  -20   -9   24   11  -24  -15   14
    12  -22  -24   29   -2  -43   35   -8  -19    6  -13    4   -4  -20
